Start: 2021-04-13 12:32:32.901510
End: 2021-04-13 12:43:24.280087
             MMM  WBAI  EGHT  AHC  AOS  ATEN  ...  WRN  WYY  WTT  XTNT  ZDGE  ZOM
created_utc                                   ...                                
2012-04-25     0     0     0    0    0     0  ...    0    0    0     0     0    0
2012-08-15     0     0     0    0    0     0  ...    0    0    0     0     0    0
2012-08-24     0     0     0    0    0     0  ...    0    0    0     0     0    0
2012-10-09     0     0     0    0    0     0  ...    0    0    0     0     0    0
2012-10-27     0     0     0    0    0     0  ...    0    0    0     0     0    0
2013-02-03     0     0     0    0    0     0  ...    0    0    0     0     0    0
2013-02-05     0     0     0    0    0     0  ...    0    0    0     0     0    0
2013-04-07     0     0     0    0    0     0  ...    0    0    0     0     0    0
2013-07-07     0     0     0    0    0     0  ...    0    0    0     0     0    0
2013-07-16     0     0     0    0    0     0  ...    0    0    0     0     0    0

[10 rows x 2631 columns]