Start: 2021-06-24 13:33:40.013957
End: 2021-06-24 13:49:10.230820
             AACG  AACQ  AACQU  AACQW  AAL  AAME  AAOI  AAON  AAPL  AAWW  AAXJ  ABCB  ABCL  ABCM  ABEO  ...  ZNTEU  ZNTEW  ZNTL  ZS  ZSAN  ZUMZ  ZVO  ZWRK  ZWRKU  ZWRKW  ZYNE  ZYXI  GME  AMC  BB
created_utc                                                                                             ...                                                                                       
2012-04-25      0     0      0      0    0     0     0     0     3     0     0     0     0     0     0  ...      0      0     0   0     0     0    0     0      0      0     0     0    0    0   0
2012-08-15      0     0      0      0    0     0     0     0     0     0     0     0     0     0     0  ...      0      0     0   0     0     0    0     0      0      0     0     0    0    0   0
2012-08-24      0     0      0      0    0     0     0     0     1     0     0     0     0     0     0  ...      0      0     0   0     0     0    0     0      0      0     0     0    0    0   0
2012-10-09      0     0      0      0    0     0     0     0     0     0     0     0     0     0     0  ...      0      0     0   0     0     0    0     0      0      0     0     0    0    0   0
2012-10-27      0     0      0      0    0     0     0     0     0     0     0     0     0     0     0  ...      0      0     0   0     0     0    0     0      0      0     0     0    0    0   0
2013-02-03      0     0      0      0    0     0     0     0     0     0     0     0     0     0     0  ...      0      0     0   0     0     0    0     0      0      0     0     0    0    0   0
2013-02-05      0     0      0      0    0     0     0     0     0     0     0     0     0     0     0  ...      0      0     0   0     0     0    0     0      0      0     0     0    0    0   0
2013-04-07      0     0      0      0    0     0     0     0     0     0     0     0     0     0     0  ...      0      0     0   0     0     0    0     0      0      0     0     0    0    0   0
2013-07-07      0     0      0      0    0     0     0     0     0     0     0     0     0     0     0  ...      0      0     0   0     0     0    0     0      0      0     0     0    0    0   0
2013-07-16      0     0      0      0    0     0     0     0     1     0     0     0     0     0     0  ...      0      0     0   0     0     0    0     0      0      0     0     0    0    0   0

[10 rows x 4516 columns]